1

1

mtWinRatio = 10 mtStepRatio =  5
2

mtWinRatio = 10 mtStepRatio =  5
[[ -6.79117614e+00  -6.78688930e+00  -6.78028423e+00  -6.79085779e+00
   -6.79748337e+00  -6.79133232e+00  -6.79802308e+00  -6.81505710e+00
   -6.90374302e+00  -6.89388551e+00  -6.89534610e+00  -6.89719337e+00
   -6.89216404e+00  -6.88964373e+00  -6.88725580e+00  -6.88356479e+00
   -6.96245301e+00  -6.96266014e+00  -6.96385832e+00  -6.96032645e+00
   -6.96131493e+00  -6.96592190e+00  -6.96659208e+00  -6.96495307e+00
    3.39376426e+00   2.86068729e+00   2.20642342e+00   2.11916288e+00
    5.63779481e-01   4.37490332e-01   8.29719030e-01   1.11036597e+00
    1.03829208e+00   7.71745167e-01   9.43324939e-01   1.19287971e+00
    1.32404059e+00   1.62468493e+00   1.86326390e+00   2.15983997e+00
    1.50998782e+00   5.80177785e-01  -1.29601134e-01  -5.72590940e-01
   -1.34788139e-01  -2.50134635e-02   1.17682703e-01   1.31712464e-01
    1.17815833e-01   1.75331575e-01   1.91333774e-01   1.53560449e-01
    1.83896985e-01   1.87819562e-01   1.72280259e-01   1.61194758e-01
    1.42870287e-01   1.36697468e-01   1.34601234e-01   1.26062959e-01
    1.24902958e-01   9.92736535e-02   1.28279801e-01   2.20388789e-01
    2.12997540e-01   1.80583932e-01   1.71809992e-01   1.64882760e-01]
 [  1.50126118e-01   1.53984011e-01   1.61472144e-01   1.55573307e-01
    1.63226783e-01   1.62748451e-01   1.55625152e-01   1.42904130e-01
    6.97378725e-02   7.72600705e-02   7.44073951e-02   6.70536108e-02
    7.20907990e-02   7.27262380e-02   7.47996472e-02   7.41950700e-02
    7.13603524e-02   8.21107396e-02   8.25654346e-02   8.11918701e-02
    7.93629821e-02   7.28832722e-02   7.22482946e-02   7.26050816e-02
    1.46944802e+00   1.37352326e+00   1.03890563e+00   1.26673793e+00
    4.80978238e-01   4.51125921e-01   4.64801661e-01   4.74148493e-01
    5.14972103e-01   5.20638322e-01   4.89017434e-01   4.65971984e-01
    7.31110408e-01   6.83840579e-01   6.85477896e-01   7.07442996e-01
    8.08367768e-01   7.83809325e-01   8.14928370e-01   7.68922437e-01
    1.47297325e-01   1.45216742e-01   1.30371693e-01   1.12451861e-01
    9.54032477e-02   1.00383373e-01   1.03673379e-01   1.03573149e-01
    1.21753283e-01   1.36638194e-01   1.32332882e-01   1.37555960e-01
    1.22177766e-01   1.24807730e-01   1.24259776e-01   1.30328954e-01
    1.32426063e-01   1.38762399e-01   1.48784950e-01   1.25371900e-01
    1.23223848e-01   1.27149035e-01   1.29042492e-01   1.34547002e-01]
 [  2.10707446e-01   2.25750934e-01   2.32153377e-01   2.26126900e-01
    2.09085819e-01   2.37401324e-01   1.92627338e-01   8.42145534e-02
    6.48886237e-02   7.47198081e-02   6.18524296e-02   6.77958483e-02
    1.86599211e-01   2.89976777e-01   2.96088097e-01   2.98011181e-01
    2.96007542e-01   2.55192376e-01   2.25980686e-01   2.37333619e-01
    2.43447559e-01   2.45672177e-01   2.50286634e-01   2.46381863e-01
    4.49175463e+00   3.60276759e+00   3.25230826e+00   3.72118605e+00
    1.46922035e+00   1.49258794e+00   1.57662246e+00   1.49198391e+00
    1.45862883e+00   1.46655143e+00   1.44685867e+00   1.43031065e+00
    1.21102105e+00   1.30081473e+00   1.33888072e+00   1.30507760e+00
    1.23834579e+00   1.24872013e+00   1.22941802e+00   1.21506371e+00
   -6.81296307e+00  -6.81258908e+00  -6.82485920e+00  -6.84812974e+00
   -6.85831696e+00  -6.85872731e+00  -6.85447960e+00  -6.85084182e+00
   -6.82605713e+00  -6.80820281e+00  -6.80914513e+00  -6.81139804e+00
   -6.81411414e+00  -6.81373894e+00  -6.82103772e+00  -6.81048560e+00
   -6.80072937e+00  -6.80434560e+00  -6.80900318e+00  -6.81744545e+00
   -6.81482103e+00  -6.80527085e+00  -6.80010382e+00  -6.79389758e+00]
 [  2.17522927e-03  -1.24052649e-02  -4.37107157e-03   1.42088872e-02
    3.71695815e-02   2.92191905e-02  -1.29188110e-02  -2.79781030e-02
    3.75834871e-03   1.39107098e-02   8.72160902e-03  -3.30774659e-03
   -1.61417490e-02  -1.74253158e-02   5.94912151e-03  -1.26427539e-03
   -5.65098350e-03  -3.91642460e-03  -1.94330882e-02   4.13925074e-03
    1.71149574e-02   8.31515908e-03   8.26903094e-03   7.06704055e-03
   -1.90735754e-01  -6.20441005e-01  -6.61531067e-01  -9.51853772e-01
   -4.60903072e-01  -4.11279190e-01  -1.87643738e-01  -1.91238477e-01
   -3.12532900e-01  -3.08773120e-01  -1.30133958e-01  -5.42972917e-02
   -8.74456990e-03   8.05717769e-02   1.76211150e-01   2.53586293e-01
    2.86621026e-01   3.11736282e-01  -1.08298154e-01  -2.17592501e-01
   -7.08874862e-03  -1.52689139e-02  -1.59086333e-02  -1.55811015e-02
   -1.28731972e-02  -8.67127228e-03  -1.39557307e-02  -1.21190952e-02
   -6.20505057e-03  -1.84651858e-02  -3.16863996e-02  -4.22160371e-02
   -2.71571240e-02  -8.43995409e-03  -1.65761384e-02  -1.21611353e-02
    3.13559015e-03   1.24102250e-03  -3.90485017e-03  -2.45942661e-02
   -3.33092121e-02  -2.95487109e-02  -2.22015210e-02  -1.88141153e-02]
 [  1.03625314e-01   1.08850097e-01   1.14318265e-01   9.37520049e-02
   -1.12027655e-01  -1.07235318e-01  -1.10302550e-01  -1.23468601e-01
   -1.44404167e-01  -8.23547871e-02  -4.23836834e-02  -6.24206465e-02
   -1.97723186e-01  -1.98886849e-01  -1.69290497e-01  -1.73266715e-01
   -1.40320997e-01  -8.04655434e-02  -2.59986712e-02  -3.44240505e-02
   -6.77080695e-02  -3.78876899e-02   2.42591072e-02   7.92750583e-02
    1.27191320e+00  -1.52853948e+00  -2.79509561e+00  -1.97155034e+00
   -4.41355954e-01  -2.22748691e-01  -5.65745722e-02   5.08547401e-02
    9.78088390e-02   4.90504905e-02  -3.85698331e-02  -2.74364990e-01
   -2.39635235e-01  -1.85924614e-01  -1.95651850e-01  -6.21415847e-02
   -9.02444057e-02  -1.10847184e-01   1.10886027e-01   2.15291592e-01
    1.07935997e-02  -3.29754048e-02  -2.59697842e-02  -3.41683468e-02
   -2.18743203e-02   7.91123948e-03   6.06040145e-03   4.05213824e-03
    6.15149604e-02   3.85804792e-02   9.11820420e-03   7.20009762e-03
    8.97242545e-03   3.54298102e-02   1.28289003e-02  -1.63614040e-02
    2.60623020e-02   1.19155814e-02  -2.08686027e-02  -3.00819277e-02
   -2.98692117e-02  -1.08629077e-02  -7.52733410e-03  -1.51809946e-02]
 [  2.04210657e-03   3.70658763e-03   3.67855058e-03   4.14989548e-03
    5.56877237e-03   5.27858270e-03   6.82183557e-03   4.00910806e-03
    5.21343071e-03   7.90967784e-03   7.27889723e-03   7.51692823e-03
    1.02550718e-02   7.59389128e-03   1.03412746e-02   1.18803977e-02
    1.12224599e-02   8.17346623e-03   6.73728593e-03   7.97398148e-03
    6.99173837e-03   2.96508057e-03  -4.01405471e-04  -2.66479861e-04
    6.92903455e-02   7.09031459e-02   4.03274212e-02   5.74641727e-02
    3.49971629e-02   4.31795964e-02   3.15549385e-02   2.61185535e-02
    3.14937613e-02   2.76435173e-02   3.20640162e-02   3.48202424e-02
    2.35184240e-02   1.67908775e-02   2.42572329e-02   3.11297386e-02
    2.86500184e-02   3.18458280e-02   3.42261409e-02   2.49233545e-02
    7.08892741e-03   7.89042341e-03   1.36018757e-02   9.61570423e-03
    5.09710616e-03   6.77904897e-03   7.77952498e-03   7.49062770e-03
    1.22942998e-02   7.68811439e-03   7.89414252e-03   8.22196893e-03
    8.87720611e-03   9.97604154e-03   7.01380987e-03   8.86614028e-03
    1.26261265e-02   1.40155781e-02   9.24360203e-03   5.86230792e-03
    6.78591740e-03   9.91614210e-03   7.29510665e-03   8.27885950e-03]
 [  3.59631114e-01   3.47201967e-01   3.81260409e-01   3.90667323e-01
    3.41314505e-01   3.06760802e-01   2.83693721e-01   2.84383942e-01
    3.04584660e-01   3.25150927e-01   3.16630895e-01   3.32282630e-01
    3.51695262e-01   3.42932088e-01   3.45950899e-01   3.47556077e-01
    2.04934223e-02   1.22088610e-02   2.38240878e-02   4.69832074e-02
    4.81551458e-02   4.13763129e-02   3.08317250e-02   2.09729899e-02
    4.82978735e-01   3.58112336e-01   3.27721451e-01   1.39525554e-01
    1.65241507e-01   1.93319187e-01   1.23777758e-01   8.42952870e-02
    1.26878962e-01   1.88945949e-01   2.81856106e-01   1.10272397e-01
    6.26569990e-02   1.18375843e-01   1.49347996e-01   2.48898607e-01
    2.23429025e-01   1.93439529e-01   3.58469133e-01   2.40280523e-01
    4.03500972e-02   3.83492056e-02   1.81749308e-02   2.80339734e-02
    2.16787351e-02  -5.21389062e-03   3.24547412e-02   3.79576501e-02
    4.22985906e-03   1.23690713e-02   2.18067431e-02   2.47067173e-02
    6.95827779e-03   8.13948047e-03  -1.28886178e-02  -4.09102420e-03
    1.62218462e-02   3.39528195e-02   2.55773805e-02   1.30925451e-02
    6.77031498e-02   5.94874124e-02   7.48748779e-02   8.66660710e-02]
 [  2.14630410e-02   2.07954095e-02   2.03311693e-02   2.04469618e-02
    2.08014432e-02   2.07554466e-02   2.09076936e-02   2.13252714e-02
    2.16685020e-02   2.15170884e-02   2.14327711e-02   2.11634126e-02
    2.11754132e-02   2.11157722e-02   2.09216873e-02   2.16229883e-02
    2.22995894e-02   2.20199550e-02   2.18741701e-02   2.19121385e-02
    2.19745047e-02   2.21286846e-02   2.21599845e-02   2.19716009e-02
    4.05926329e-01   3.27377937e-01   2.90463668e-01   3.22031586e-01
    6.62845563e+00   6.72492636e+00   6.78157071e+00   6.75919185e+00
    6.72803706e+00   6.72657421e+00   6.74630960e+00   6.71527861e+00
    5.36010706e+00   5.40189686e+00   5.39396941e+00   5.31815491e+00
    5.34600456e+00   5.40929629e+00   5.31591942e+00   5.26779088e+00
    1.04018197e+00   1.04120954e+00   1.04358806e+00   1.05152683e+00
    1.05317739e+00   1.04755432e+00   1.05401844e+00   1.05944752e+00
    1.04943536e+00   1.03630543e+00   1.03160774e+00   1.03462449e+00
    1.04118767e+00   1.03270209e+00   1.03062343e+00   1.04439583e+00
    1.04063511e+00   1.02098107e+00   1.00495922e+00   9.96015614e-01
    9.96998349e-01   1.02357111e+00   1.04628900e+00   1.05122462e+00]]
3

mtWinRatio = 10 mtStepRatio =  5
[[ -1.89193919e+00   3.37896243e+00   3.41901836e+00 ...,   3.43309845e-02
    5.84199994e-02   6.61203047e-02]
 [ -1.89193919e+00   3.37896243e+00   3.41901836e+00 ...,   3.43309845e-02
    5.84199994e-02   6.61203047e-02]
 [ -1.72788243e-02  -1.72153645e-01  -7.22854968e-02 ...,   3.30304981e-03
    2.79692661e-02   5.35454744e-02]
 ..., 
 [ -4.67741680e-02  -1.29755522e-01  -1.11121750e-01 ...,   4.40792372e-02
    3.24480077e-02  -1.96312380e-03]
 [  8.16525622e-02   5.01773246e-01   4.97240874e-01 ...,   1.04466637e+00
    1.02287404e+00   8.90655596e-01]
 [  8.16525622e-02   5.01773246e-01   4.97240874e-01 ...,   1.04466637e+00
    1.02287404e+00   8.90655596e-01]]
4

mtWinRatio = 10 mtStepRatio =  5
[[ 1.0232409   1.11665654  1.03141497 ...,  1.03479018  1.24419695
   1.11808284]
 [ 1.0232409   1.11665654  1.03141497 ...,  1.03479018  1.24419695
   1.11808284]
 [ 4.25441137  4.74891262  4.40924346 ...,  3.3107052  -0.45011819
  -2.85834198]
 ..., 
 [ 0.99404856  1.28517205  1.30714375 ...,  0.67228102  0.90548536
   0.98204383]
 [ 4.25441137  4.74891262  4.40924346 ...,  3.3107052  -0.45011819
  -2.85834198]
 [ 4.25441137  4.74891262  4.40924346 ...,  3.3107052  -0.45011819
  -2.85834198]]
2

5

mtWinRatio = 10 mtStepRatio =  5
6

mtWinRatio = 10 mtStepRatio =  5
[[ -7.39411800e-03  -1.30327502e-02  -5.83143598e-03  -1.39098133e-03
   -1.09024874e-03   2.63033088e-03   1.38751759e-02   9.22535044e-03
    3.51035774e-03  -1.09875804e-03  -8.47553673e-03  -8.98700949e-04
    3.12860559e-02   5.46045147e-02   2.50920207e-02   1.12916766e-02
    4.59600553e-02   8.22326874e-02   5.36455553e-02   5.10970071e-02
    4.51622013e-02   1.39258585e-02  -1.27696615e-03   2.83228630e-02
    6.30980898e-02   7.22836478e-02   2.46855666e-02  -1.10458558e-02
    1.41761958e-02   1.93721091e-02   2.59935493e-02   3.12725680e-02
    1.45549540e-02  -5.25754302e-02  -1.20750597e-01  -9.17900762e-02
   -5.44840729e-02  -9.35676327e-02  -1.02596313e-01  -2.75144382e-02
    4.80411704e-02   7.95353248e-02   6.22737161e-02   6.77567116e-02
    1.33092303e-01   1.31039893e-01   5.80974491e-02  -1.00689525e-02
   -4.04403557e-02   2.77568956e-03   5.22901851e-02   9.10352910e-02
    1.09595056e-01   3.22390905e-02  -2.39791876e-02   4.24737667e-02
    7.58816466e-02   5.84974408e-02   4.66437104e-02   2.61070591e-02
    3.21751214e-02   8.76180788e-02   1.07048197e-01   9.55297728e-02
    8.03838668e-02   5.52641879e-02   9.21594730e-02   1.48720599e-01]
 [  6.65627773e-01   6.65995817e-01   6.65670949e-01   6.79552303e-01
    7.07037876e-01   7.13843651e-01   6.83761930e-01   6.46636332e-01
    6.18082612e-01   5.93189562e-01   5.62938976e-01   5.56496444e-01
    5.85607347e-01   6.45981116e-01   7.09198681e-01   7.30300258e-01
    7.33429007e-01   6.96037171e-01   6.54761980e-01   6.96435428e-01
    7.09168521e-01   6.59684865e-01   6.45946297e-01   6.44768396e-01
    6.35282398e-01   6.41122827e-01   6.67569014e-01   7.15183051e-01
    7.53549335e-01   7.65742999e-01   7.38251814e-01   6.57467468e-01
    5.54300170e-01   4.87775165e-01   6.81070056e-01   7.73847089e-01
    7.87408406e-01   8.12860932e-01   8.64547874e-01   8.39694768e-01
    8.14446810e-01   8.17400528e-01   8.06471724e-01   8.14402774e-01
    8.28403695e-01   7.90163999e-01   7.29573079e-01   7.06838010e-01
    7.60949446e-01   8.27747744e-01   8.35134906e-01   1.08543628e+00
    1.09744915e+00   1.11214715e+00   1.14673047e+00   1.08201556e+00
    1.01871579e+00   1.00781919e+00   1.04081649e+00   1.07061493e+00
    1.03264342e+00   9.98348673e-01   9.78767222e-01   9.77347383e-01
    1.02718087e+00   1.04299216e+00   1.01503941e+00   9.74488046e-01]
 [  3.41986920e-03   2.06857659e-03  -2.10236009e-04  -7.01096802e-04
   -1.92318443e-04  -6.91903170e-05   2.49629868e-03   4.02885795e-03
    3.04050903e-03   4.77145019e-03   3.46868635e-03   3.53031150e-03
    3.47360768e-03   4.05892231e-03   4.34199934e-03   1.96834652e-03
    6.75284103e-04   4.69079406e-03   6.16183347e-03   7.53635429e-03
    7.59573003e-03   6.10543876e-03   4.29778225e-03   3.06616155e-03
    4.29203877e-03   5.95251421e-03   7.47413073e-03   8.27762966e-03
    7.23067289e-03   5.57779323e-03   5.41768466e-03   5.94459004e-03
    5.81616269e-03   4.91912057e-03   3.35591677e-03   2.00447420e-03
    3.29431871e-03   3.48261187e-03   1.24870469e-03   1.42642155e-03
    4.27593327e-03   4.64820234e-03   4.35086992e-03   4.70047405e-03
    2.40762539e-03  -4.45406060e-04   1.28808608e-03   5.13109399e-03
    5.23696590e-03   4.84318828e-03   4.25648381e-03   3.47265253e-03
    1.99163982e-03   1.83016460e-03   5.23742949e-03   8.90758011e-03
    7.45367995e-03   6.93194529e-03   6.51471305e-03   5.51167444e-03
    7.63485914e-03   8.69278249e-03   6.96532337e-03   6.43530836e-03
    7.64662498e-03   4.46716900e-03   2.88267186e-04   3.67304874e-05]
 [ -2.41390781e-01  -1.32348469e-01  -3.52604849e-02   5.58655153e-02
    1.60497347e-01   1.59179336e-01   1.23325331e-01  -8.22751944e-02
   -3.32488395e-01  -3.89452519e-01  -3.53178325e-01  -2.47386015e-01
   -1.36009017e-01  -4.26893071e-02   8.99415245e-02   2.29309654e-01
    2.86322307e-01   1.04556868e-01  -2.70194539e-01  -4.06678912e-01
   -3.13564553e-01  -2.62835555e-01  -1.25267259e-01   1.85388311e-02
   -8.11390070e-03  -1.33990636e-02   5.02727941e-02   3.07892896e-02
   -9.12891439e-02  -1.93007485e-01  -1.30357658e-01  -3.78402072e-03
    6.69925546e-02   6.37968916e-02   6.15763192e-02   7.95013102e-02
    6.92091239e-02  -8.56821705e-03  -1.32479336e-01  -7.30904753e-02
    1.05821342e-01   1.49151038e-01   7.42130169e-02  -9.09373397e-02
   -2.54810102e-01  -2.67877305e-01  -1.24343332e-01  -9.18650994e-02
   -2.66235531e-01  -3.39535502e-01  -1.80859879e-01  -2.18174994e-02
   -2.36558249e-02  -1.42455885e-01   8.29565635e-03   2.29371926e-01
    1.77807571e-01   9.58558180e-02   9.46746965e-02   1.79818947e-01
    2.70008001e-01   2.42098830e-01   1.59284773e-01   1.22480114e-01
    1.12965995e-01   1.04423790e-01   6.45564193e-02   3.97979934e-02]
 [  7.73574047e-02   7.09083894e-02   7.22364091e-02   6.36069259e-02
    6.52030300e-02   6.18279061e-02   2.86820123e-02   1.19724928e-02
    2.70670966e-02   5.11365342e-02   6.93549597e-02   5.34073051e-02
    4.40466249e-02   3.21843439e-02   3.63275634e-02   4.92335018e-02
    4.12524412e-02   8.15584984e-03   1.55488670e-02  -1.72941294e-02
   -3.85382932e-02  -1.94470526e-04   8.35860333e-03  -1.91622711e-02
   -3.51097822e-02  -2.14103211e-02  -2.53044263e-02  -3.53052068e-02
   -2.38007165e-02  -1.47429120e-02  -1.95765810e-02  -1.79667230e-02
    7.75834297e-03   2.30412966e-02   1.38147398e-02   6.85808682e-03
    8.03232722e-04   1.33052414e-02   2.99804481e-02   2.56286884e-02
    1.42766736e-02  -6.99179024e-03  -1.32511794e-02   1.31936586e-02
    3.39435787e-02   2.25632995e-02   3.40922558e-03  -1.21289147e-02
   -2.33123102e-02  -2.60921955e-02  -2.23326407e-02  -2.59733908e-02
   -1.69813938e-02  -1.93943322e-02  -4.55996989e-02  -5.21623798e-02
   -3.04881380e-02  -1.39615533e-02  -1.76483839e-02  -5.71776606e-03
   -9.43771234e-03  -2.34682139e-02   4.19379076e-03  -1.13959615e-02
   -2.92560488e-02  -1.13025139e-02   2.31273208e-03   1.23329692e-02]
 [  6.67165268e-02   6.41205055e-02   6.63247945e-02   6.80120588e-02
    6.00691722e-02   6.99983962e-02   6.89792994e-02   6.87203024e-02
    6.87299124e-02   6.81105860e-02   6.93694102e-02   7.76578309e-02
    7.33028134e-02   6.16044964e-02   6.10428415e-02   6.54826789e-02
    6.61260031e-02   6.96999342e-02   7.75186770e-02   7.67935372e-02
    6.84425025e-02   5.79293444e-02   5.50654255e-02   6.07746741e-02
    5.89019624e-02   5.85743690e-02   6.38750350e-02   6.67982783e-02
    6.66631482e-02   6.06527956e-02   5.41871155e-02   5.59132340e-02
    6.21508531e-02   6.59380724e-02   7.41035669e-02   6.56674649e-02
    7.05163452e-02   6.86814709e-02   6.07045066e-02   5.92622550e-02
    5.94971809e-02   6.38696297e-02   6.93072697e-02   7.14189935e-02
    6.51962927e-02   6.83139349e-02   6.92178703e-02   6.84459778e-02
    6.14303802e-02   6.87989229e-02   7.64279866e-02   9.10397555e-02
    8.03935831e-02   8.04268869e-02   7.49071354e-02   7.69669045e-02
    7.62694840e-02   7.71620385e-02   7.42808941e-02   7.11118067e-02
    7.73686002e-02   6.83848899e-02   6.60640592e-02   7.40026150e-02
    7.90951843e-02   7.99991584e-02   7.57279001e-02   6.97792096e-02]
 [ -7.80929013e+00  -7.81053801e+00  -7.81691799e+00  -7.81692268e+00
   -7.80449943e+00  -7.79117230e+00  -7.80392945e+00  -7.81918409e+00
   -7.82936072e+00  -7.82475103e+00  -7.80940119e+00  -7.80272124e+00
   -7.78594120e+00  -7.79085958e+00  -7.79414557e+00  -7.78205429e+00
   -7.78891984e+00  -7.79971627e+00  -7.79286391e+00  -7.79472536e+00
   -7.80959950e+00  -7.82351394e+00  -7.81999590e+00  -7.82863291e+00
   -7.83649281e+00  -7.82157213e+00  -7.81727885e+00  -7.80384410e+00
   -7.78549376e+00  -7.79567698e+00  -7.80866221e+00  -7.82443524e+00
   -7.83971239e+00  -7.84170194e+00  -7.82886845e+00  -7.82477262e+00
   -7.81910127e+00  -7.80783366e+00  -7.79805074e+00  -7.81908010e+00
   -7.83026848e+00  -7.82219060e+00  -7.81418483e+00  -7.80538512e+00
   -7.81253241e+00  -7.81426876e+00  -7.83416315e+00  -7.84487330e+00
   -7.83807696e+00  -7.82100367e+00  -7.78709848e+00  -5.97947312e+00
   -5.97688196e+00  -5.96156193e+00  -5.95462928e+00  -5.97857773e+00
   -6.00235026e+00  -6.01135478e+00  -6.01307145e+00  -6.01669807e+00
   -6.07795447e+00  -6.05444015e+00  -5.97795796e+00  -5.96644604e+00
   -5.95581441e+00  -5.96843739e+00  -5.96377565e+00  -5.94050001e+00]
 [  4.01726667e-01   4.27475464e-01   3.76255442e-01   3.23194098e-01
    3.24848245e-01   3.55707782e-01   3.73796185e-01   3.92781570e-01
    3.59356095e-01   3.74314303e-01   4.15952166e-01   4.62809818e-01
    4.70444812e-01   4.03607871e-01   3.88706708e-01   4.28770579e-01
    3.59727192e-01   3.84363408e-01   4.38675058e-01   3.83028475e-01
    3.27003538e-01   3.34130447e-01   3.66573526e-01   3.17864665e-01
    2.80650580e-01   2.97115936e-01   2.66356834e-01   2.99263511e-01
    3.61856466e-01   2.62785643e-01   2.48009737e-01   3.21075063e-01
    3.43661594e-01   3.60600892e-01   2.30339587e-01   1.36153038e-01
    1.52440094e-01   1.68583871e-01   1.68869015e-01   1.21451660e-01
    1.30804695e-01   1.17744373e-01   1.35469429e-01   2.11176067e-01
    1.96614395e-01   2.61425101e-01   2.11560366e-01   1.87231421e-01
    2.08141848e-01   1.18207280e-01   1.41120961e-01   1.36855596e-01
    7.13755051e-02   1.35909881e-01   1.03379113e-01   1.67234650e-01
    1.80817738e-01   1.95035235e-01   1.79842263e-01   6.36117384e-02
    8.31741143e-02   1.07314969e-01   1.05901401e-01   1.63562615e-01
    2.14404083e-01   1.96958370e-01   1.76013024e-01   1.77967016e-01]]
7

mtWinRatio = 10 mtStepRatio =  5
[[ 0.29596046  0.22479346  0.26251772 ...,  0.03600059 -0.04065383
  -0.07004264]
 [ 0.0716081   0.06494222  0.055219   ...,  0.0358991   0.03144727
   0.03111174]
 [ 0.8488369   0.82735804  0.80407643 ...,  0.80897095  0.81613281
   0.79311267]
 ..., 
 [-6.20193808 -6.20381247 -6.20538275 ..., -5.87929325 -5.89329678
  -5.90519744]
 [ 0.29596046  0.22479346  0.26251772 ...,  0.03600059 -0.04065383
  -0.07004264]
 [ 0.07815479  0.08814762  0.09346736 ...,  0.09696753  0.08552408
   0.09440668]]
8

mtWinRatio = 10 mtStepRatio =  5
[[ 0.04260983  0.11157169  0.10746988 ..., -7.34512636 -7.43719762
  -7.45999149]
 [ 0.13081615  0.10408971  0.0945346  ...,  0.2866827   0.28321796
   0.29764775]
 [ 0.13081615  0.10408971  0.0945346  ...,  0.2866827   0.28321796
   0.29764775]
 ..., 
 [ 0.04260983  0.11157169  0.10746988 ..., -7.34512636 -7.43719762
  -7.45999149]
 [ 0.02720113  0.03129262  0.02848247 ...,  0.03247828  0.02944925
   0.03213144]
 [ 0.02720113  0.03129262  0.02848247 ...,  0.03247828  0.02944925
   0.03213144]]
3

9

mtWinRatio = 10 mtStepRatio =  5
10

mtWinRatio = 10 mtStepRatio =  5
[[  7.56089346e-03   5.94921847e-03   6.74501776e-03   6.63832292e-03
    5.36420074e-03   5.35421774e-03   6.99328365e-03   9.16510452e-03
    1.17313469e-02   9.56502929e-03   6.12232602e-03   5.33650691e-03
    5.89122695e-03   6.18056221e-03   8.50500633e-03   8.86557495e-03
    8.15221842e-03   9.19531852e-03   7.72747827e-03   8.36986283e-03
    9.31621054e-03   9.95240286e-03   9.42474550e-03   6.92198105e-03
    4.97391308e-03   4.28034338e-03   2.92569124e-03   2.71940005e-03
    2.02050580e-03   1.82066932e-03   3.21633520e-03   3.08142212e-03
    4.04681435e-03   5.06737840e-03   3.27299186e-03   2.90916504e-03
    4.50870864e-03   4.11212825e-03   1.65756041e-03   7.95355451e-04
   -3.69879353e-05   2.64015862e-05   9.10420347e-04   2.80282229e-03
    4.42129173e-03   2.36001285e-03   2.05007342e-03   5.49147012e-03
    6.56715548e-03   6.09160807e-03   6.31180405e-03   6.69091942e-03
    5.17523308e-03   6.25959207e-03   5.47864673e-03   5.12237598e-03
    5.94696419e-03   5.84305435e-03   7.72908695e-03   6.71083522e-03
    6.95513007e-03   9.02588116e-03   9.07556886e-03   9.44598237e-03
    5.96595883e-03   5.62927245e-03   7.48276362e-03   7.90643701e-03]
 [  2.79416326e-01   2.44207479e-01   2.70866961e-01   3.77149897e-01
    3.40001669e-01   2.75633041e-01   3.16833232e-01   2.00987524e-01
    2.51420676e-01   2.21636855e-01   1.81645279e-01   2.66978580e-01
    3.09578151e-01   2.84735099e-01   2.59019247e-01   2.30398447e-01
    2.03174173e-01   1.15290269e-01   1.11514861e-01   1.34571764e-01
    2.04598618e-01   1.64589908e-01   1.60004661e-01   1.40830442e-01
    1.67411523e-01   1.49758498e-01   1.61251199e-01   1.71665303e-01
    1.34640101e-01   1.29544263e-01   1.99575297e-01   2.55253886e-01
    2.05651211e-01   1.48967116e-01   1.22019926e-01   1.74784060e-01
    2.11329815e-01   2.14009067e-01   2.01847848e-01   1.41564777e-01
    8.00419339e-02   1.32080636e-01   2.05428611e-01   1.65894935e-01
    1.23126146e-01   1.35349194e-01   1.27036291e-01   1.82841779e-01
    1.92712915e-01   1.54658319e-01   1.19808653e-01   1.15737502e-01
    1.17875959e-01   9.97140872e-02   9.28608168e-02   5.70174339e-02
    1.09809447e-01   1.19795149e-01   1.57164306e-01   1.51519152e-01
    1.54812435e-01   1.84059730e-01   1.50640386e-01   1.41120181e-01
    1.72748305e-01   1.68952142e-01   1.37372442e-01   1.56384903e-01]
 [  6.74270632e-02   7.23965645e-02   7.20125249e-02   7.57137866e-02
    7.24732623e-02   8.04954867e-02   7.47319689e-02   6.78629851e-02
    7.58004612e-02   7.67161709e-02   7.87000465e-02   8.76286065e-02
    9.50210167e-02   7.94012787e-02   7.53898556e-02   6.92793146e-02
    7.57274790e-02   8.12839150e-02   8.49636568e-02   8.63204779e-02
    7.76927802e-02   7.40723843e-02   7.59248316e-02   6.92712149e-02
    5.61915285e-02   6.21181268e-02   6.02716207e-02   5.62617100e-02
    5.65840265e-02   5.95435207e-02   6.46789238e-02   6.13770407e-02
    5.87672024e-02   6.34622886e-02   6.85250865e-02   6.58019392e-02
    6.35914203e-02   6.68550504e-02   6.74026822e-02   6.71397271e-02
    6.54186156e-02   6.40313915e-02   7.42747854e-02   7.18534982e-02
    7.28190123e-02   7.22081303e-02   6.55092514e-02   6.72560297e-02
    6.95665448e-02   6.83275970e-02   6.13876301e-02   5.84052194e-02
    5.67114512e-02   5.48481160e-02   5.23521189e-02   5.20790553e-02
    6.25974560e-02   6.48339166e-02   6.04457145e-02   6.43805455e-02
    6.49839434e-02   8.08068541e-02   8.11158464e-02   7.51473973e-02
    7.64534325e-02   7.52644436e-02   7.54700138e-02   7.98494126e-02]
 [  7.32654048e-01   7.23804710e-01   6.84531823e-01   6.29107569e-01
    6.56926994e-01   6.89143154e-01   8.88559279e-01   9.60582375e-01
    9.26395070e-01   8.53307963e-01   8.78622117e-01   9.52124624e-01
    9.60017339e-01   8.91646620e-01   8.40401646e-01   8.19548953e-01
    8.77645929e-01   9.47411657e-01   9.53634920e-01   9.46648819e-01
    9.08768271e-01   8.63789595e-01   9.03759648e-01   9.28199280e-01
    7.18184991e-01   7.17248442e-01   6.99803685e-01   6.78092420e-01
    7.02662932e-01   7.36433387e-01   6.80825643e-01   6.82586982e-01
    6.70990856e-01   6.75761673e-01   6.90817972e-01   6.65158246e-01
    6.32438145e-01   6.38986600e-01   6.43076762e-01   6.77577941e-01
    7.20757745e-01   7.27805381e-01   6.84903529e-01   4.91197234e-01
    5.16332701e-01   5.72979373e-01   5.65463238e-01   5.47883547e-01
    5.38800599e-01   5.33451981e-01   5.33009530e-01   5.46089594e-01
    5.85288962e-01   5.86628569e-01   5.64397612e-01   5.60633586e-01
    5.53219163e-01   5.56069964e-01   5.55480314e-01   5.41035656e-01
    5.70207320e-01   7.33538385e-01   7.33655696e-01   7.64255339e-01
    7.44637685e-01   6.97603081e-01   6.94430372e-01   6.97331458e-01]
 [  3.09838582e-02   6.47490892e-02   1.65125491e-02  -1.14642433e-01
   -1.11966787e-01  -5.05740421e-02  -1.93622162e-02   1.72225095e-02
    1.09568564e-01   1.24084210e-01   5.44211534e-02   7.36911570e-03
   -3.13541197e-02   2.17607175e-03  -2.03948666e-02  -1.08563226e-01
   -1.54587682e-01  -1.49802377e-01  -1.44153460e-01  -5.15542542e-02
    6.07813819e-02   3.06848087e-02  -3.57695056e-02  -4.46100990e-03
    2.87842001e-02   3.95878992e-02   5.35063178e-02   7.01720453e-02
    8.92689411e-02   8.42525815e-02   6.26949774e-02   5.45400008e-02
    5.94538375e-02   5.49420823e-02   9.37115484e-02   1.18904225e-01
    7.87326739e-02   7.85382813e-02   9.13164959e-02   9.99665097e-02
    9.73645542e-02   5.93771806e-02   6.53446281e-02   8.15285221e-02
    7.66455851e-02   4.86458384e-02   4.53650861e-02   6.37603188e-02
    6.02516706e-02   2.59212869e-02  -2.05123154e-03   2.01911867e-02
    8.81391588e-02   8.67405962e-02   2.63158491e-02   1.65801233e-02
    1.16312057e-02   3.05342981e-02   1.96955770e-02  -3.03144931e-02
   -1.91981941e-03   1.82399307e-02   2.19087956e-02   3.93418817e-02
    1.93540856e-02   4.85163060e-03  -7.61587824e-04   1.82474638e-03]
 [ -6.09510115e+00  -6.10534512e+00  -6.10805822e+00  -6.10288169e+00
   -6.10371378e+00  -6.10768009e+00  -6.07833384e+00  -6.07569904e+00
   -6.07414251e+00  -6.08863838e+00  -6.09330000e+00  -6.06838020e+00
   -6.05882636e+00  -6.08286973e+00  -6.09856079e+00  -6.10698211e+00
   -6.09332205e+00  -6.08454811e+00  -6.07840146e+00  -6.08656576e+00
   -6.09030268e+00  -6.09838997e+00  -6.08746141e+00  -6.08747435e+00
   -7.52960234e+00  -7.53494745e+00  -7.54019773e+00  -7.54398813e+00
   -7.53969615e+00  -7.53330138e+00  -7.53065249e+00  -7.52437267e+00
   -7.53281169e+00  -7.53514647e+00  -7.51765514e+00  -7.50334759e+00
   -7.51228785e+00  -7.53287339e+00  -7.53738456e+00  -7.52857083e+00
   -7.51952711e+00  -7.49932812e+00  -7.51405737e+00  -7.54929472e+00
   -7.54332775e+00  -7.54474762e+00  -7.55245538e+00  -7.54806217e+00
   -7.54539836e+00  -7.54110606e+00  -7.54830806e+00  -7.55081505e+00
   -7.53770381e+00  -7.52937718e+00  -7.54555152e+00  -7.55359470e+00
   -7.55122626e+00  -7.54712441e+00  -7.54279176e+00  -7.53898574e+00
   -7.53371533e+00  -5.83616890e+00  -5.82474776e+00  -5.82035771e+00
   -5.83632986e+00  -5.87299603e+00  -5.85161847e+00  -5.83889935e+00]
 [  5.92206572e-02   9.40617685e-02   1.29053355e-01   1.83924378e-02
    1.04816438e-01   2.67805694e-01   2.64397045e-01   2.33988029e-01
    2.57709452e-01   2.16890644e-01   1.17556679e-01   4.00467798e-02
    7.04734948e-02   1.50670690e-01   2.18091210e-02  -9.57083751e-02
   -5.59003633e-02  -2.58660366e-02  -7.71795610e-02  -1.13638181e-01
   -1.39365690e-01  -8.34258003e-02   7.89453251e-02   7.89158879e-02
    1.56526097e-02   7.45922117e-03  -9.96180607e-03   2.45102442e-02
    4.33876675e-02   3.23937810e-02  -1.48770486e-02  -2.73225392e-02
    4.16224965e-02   5.17563563e-02   2.41367979e-02   9.52359889e-02
    1.00192406e-01   4.32464962e-02  -2.73520133e-02  -1.16688603e-01
   -1.17050991e-01  -9.67468874e-02  -1.89360879e-03   1.26000578e-01
    1.07325684e-01   4.77133496e-02  -3.19031280e-02  -1.36468747e-01
   -1.26846556e-01  -2.14631898e-02   1.03659505e-01   1.46136802e-01
    1.37380275e-01   1.51822700e-01   1.53539798e-01   1.29642086e-01
    1.00798132e-01   1.77899427e-02  -4.42679748e-02  -1.97246117e-02
    3.78048221e-02   6.60983749e-02   4.64505626e-02   2.94273328e-02
    1.14088869e-03   7.62692389e-02   1.81215704e-01   1.17410651e-01]
 [  5.03307158e-03   1.01670535e-02   7.37464568e-03  -1.48340294e-02
   -2.95217318e-02  -2.07487194e-02  -2.71940836e-02  -4.07558111e-02
   -2.86220188e-02  -1.72642853e-05  -2.51521291e-02  -9.16073379e-02
   -6.49288866e-02  -3.78710980e-02  -3.04550670e-02  -7.18624131e-02
   -1.00413730e-01  -7.39441957e-02  -4.99956794e-02  -4.64383862e-02
   -3.56187726e-02  -6.96335912e-04   9.34774576e-03  -2.58168816e-02
   -5.20196252e-02  -6.46023296e-02  -7.06428161e-02  -1.11965522e-01
   -1.24266092e-01  -9.11220406e-02  -8.05635099e-02  -8.60963507e-02
   -1.03543942e-01  -1.35393133e-01  -1.44755287e-01  -1.06797267e-01
   -1.00850056e-01  -1.25001399e-01  -1.23742774e-01  -7.92823194e-02
   -4.25176270e-02  -6.52669711e-02  -5.81628927e-02  -3.59417815e-02
   -3.97442222e-02  -4.83772355e-02  -7.90908596e-02  -8.51531011e-02
   -6.97867631e-02  -7.03517222e-02  -7.23732615e-02  -6.51356864e-02
   -5.22454287e-02  -4.36193595e-02  -4.05807855e-02  -8.24886173e-02
   -1.41665006e-01  -1.23637302e-01  -6.18790200e-02  -4.92366343e-02
   -6.00554216e-02  -6.96295696e-02  -8.53061100e-02  -9.48328940e-02
   -8.04662559e-02  -1.18307089e-01  -1.35088263e-01  -6.55902240e-02]]
11

mtWinRatio = 10 mtStepRatio =  5
[[ -1.44137677e+00  -1.45493513e+00  -1.47083600e+00 ...,   7.66854146e-01
    7.44786770e-01   7.31086330e-01]
 [ -4.84144702e-03  -2.44061741e-03   2.65343805e-04 ...,   2.05024009e-03
    3.53823688e-03   2.88569444e-03]
 [  6.22174175e-02   6.51418541e-02   6.15134197e-02 ...,   7.23073076e-02
    7.30047067e-02   6.97393458e-02]
 ..., 
 [  4.79183343e-01   4.14292947e-01   3.86672077e-01 ...,   1.14267697e-01
    1.05420907e-01   1.27109756e-01]
 [  1.19535117e-01   7.88836443e-02   3.19233288e-02 ...,  -7.19010888e+00
   -7.21445805e+00  -7.20038995e+00]
 [  4.79183343e-01   4.14292947e-01   3.86672077e-01 ...,   1.14267697e-01
    1.05420907e-01   1.27109756e-01]]
12

mtWinRatio = 10 mtStepRatio =  5
[[ -9.20427200e+00  -9.20499422e+00  -9.20833556e+00 ...,   4.72815961e-01
    4.49663321e-01   5.22164968e-01]
 [  9.46641072e-03   5.76384566e-03   9.60308830e-03 ...,   5.73673064e-03
    5.03089805e-03   8.19836438e-03]
 [  1.63734928e-01   1.59337203e-01   1.43197393e-01 ...,  -4.99242203e-02
   -6.05538704e-02  -1.97583532e-02]
 ..., 
 [ -3.80800533e-02  -1.85716710e-02   6.97043459e-02 ...,   1.09020956e-01
    9.44308820e-02   1.35434391e-01]
 [ -9.20427200e+00  -9.20499422e+00  -9.20833556e+00 ...,   4.72815961e-01
    4.49663321e-01   5.22164968e-01]
 [  6.95751043e-02   7.55311643e-02   1.57991465e-01 ...,  -9.21665348e+00
   -9.18658184e+00  -9.21617228e+00]]
4

13

mtWinRatio = 10 mtStepRatio =  5
14

mtWinRatio = 10 mtStepRatio =  5
[[  6.64673410e-04  -7.85910555e-04   5.77226191e-03   4.17880243e-03
    2.85840849e-03   1.37548867e-02   2.97129062e-02   2.66764684e-02
    1.00216492e-02   2.13921143e-02   1.50275405e-02   1.07497755e-02
    1.96268126e-03   8.68987102e-03   6.34277092e-03   7.60327289e-04
   -5.97255261e-04  -1.86069433e-03  -3.03133020e-03  -3.53286980e-03
    2.14029141e-03   3.60124517e-03   3.71897957e-03   4.01290964e-03
    4.56822207e-03   1.50374799e-03  -4.57469845e-03  -3.68693838e-03
   -9.16082926e-04   1.43383739e-03   2.25709534e-03   1.37435007e-03
    1.21852977e-03  -1.10676328e-03  -4.46049464e-03  -2.89197364e-04
    4.92465460e-03   3.39554954e-03   7.32167211e-04   2.23446673e-03
    3.40789640e-03   3.39311186e-03   2.04804543e-03   5.17756394e-03
    4.89327009e-03  -5.99213471e-04  -4.37654329e-03  -1.16476671e-03
    1.11041029e-03   4.87861384e-03   6.57996686e-03   7.34627547e-03
    4.26862579e-03   3.91551224e-04   3.62093312e-03   2.44990170e-03
    2.58699407e-03   4.59298817e-04   1.71055083e-03   2.37160574e-03
    5.22520254e-03   3.44785773e-03   3.92249270e-03   7.21961010e-03
    1.51831587e-03  -3.17116546e-04   9.10200774e-04   5.22896811e-03]
 [  6.04820905e-02   6.06761813e-02   6.36813922e-02   6.89516197e-02
    6.89132662e-02   2.96773731e-01   3.18683169e-01   3.70904963e-01
    3.61267529e-01   3.27015722e-01   3.18352281e-01   3.15887956e-01
    6.26720671e-02   6.27305100e-02   6.23038191e-02   6.10879194e-02
    6.02947574e-02   5.98204268e-02   6.06252676e-02   6.06265263e-02
    6.01454915e-02   6.08838705e-02   6.13741464e-02   6.18507994e-02
    6.16085020e-02   6.18008287e-02   6.34170834e-02   6.20716006e-02
    6.03765703e-02   5.96626160e-02   5.89570584e-02   5.87073970e-02
    5.88709227e-02   2.81160998e-01   3.63056363e-01   4.94318393e-01
    5.30013384e-01   5.43903419e-01   5.38393792e-01   5.24164761e-01
    4.07038524e-01   2.60724225e-01   2.39297010e-01   2.12013786e-01
    2.46953792e-01   3.22552334e-01   3.30969450e-01   3.19512545e-01
    3.57918811e-01   4.36004999e-01   4.58508881e-01   4.82898495e-01
    5.01892836e-01   4.78034146e-01   9.46190777e-01   1.00231083e+00
    1.13594440e+00   1.14143456e+00   1.10857600e+00   9.79702002e-01
    8.97302974e-01   8.88511650e-01   8.49564854e-01   8.44163081e-01
    8.92755330e-01   1.01898821e+00   1.11146614e+00   1.11054286e+00]
 [  1.02925180e+00   1.03830277e+00   1.12152840e+00   1.12779418e+00
    1.13780850e+00   5.13843372e+00   5.20768955e+00   5.40014755e+00
    5.46663694e+00   5.53990519e+00   5.52959082e+00   5.54623318e+00
    1.11178782e+00   1.11326726e+00   1.13232183e+00   1.14238566e+00
    1.13789897e+00   1.13087240e+00   1.13023846e+00   1.12105770e+00
    1.08408070e+00   1.06892331e+00   1.08118054e+00   1.08830008e+00
    1.08677173e+00   1.08669414e+00   5.96033002e-01   5.98940160e-01
    5.97474957e-01   5.95002017e-01   5.88433809e-01   5.83655408e-01
    5.88332248e-01   5.79104335e-01   5.79193738e-01   5.89808935e-01
    5.89029508e-01   5.88910633e-01   5.84904154e-01   5.83813430e-01
    5.88209939e-01   5.85759139e-01   5.82041151e-01   5.86331233e-01
    5.94211256e-01   5.98286319e-01   5.96404683e-01   5.31004752e-02
    6.18080099e-02   7.32803237e-02   7.53357976e-02   7.74191033e-02
    7.98220234e-02   7.90354025e-02   6.68237140e-02   5.42943436e-02
    5.41882121e-02   5.54958058e-02   5.94105204e-02   6.43278188e-02
    6.46753307e-02   6.44278204e-02   6.73620189e-02   6.88691088e-02
    6.96231028e-02   7.56806794e-02   7.93115368e-02   7.40258317e-02]
 [  1.67470277e-01   1.21472148e-01   9.09006420e-02   9.94458876e-02
    1.06205402e-01   4.25365248e-01   8.87035769e-01   5.67273393e-01
    4.92536213e-01   5.72599705e-01   7.48973374e-01   6.68992192e-01
    1.27046695e-01   1.28996890e-01   1.42848860e-01   1.22810046e-01
    1.10791478e-01   1.21010990e-01   9.97426640e-02   1.38808879e-01
    2.10045016e-01   2.38345141e-01   9.08841901e-02   8.99884765e-02
    1.42865474e-01   1.89279253e-01   1.33217679e-01   1.22364452e-01
    1.11252347e-01   1.04629832e-01   1.26868812e-01   1.74989640e-01
    1.02728994e-01   8.61857806e-02   1.70920041e-01   1.76164427e-01
    8.79344572e-02   9.24518280e-02   8.95275190e-02   8.22299884e-02
    5.70658444e-02   5.76410882e-02   5.68514428e-02   5.97414036e-02
    7.37132041e-02   8.04363947e-02   6.25836133e-02   6.07365755e-02
    5.62257606e-02   6.17275331e-02   6.93759544e-02   6.35957349e-02
    6.56089304e-02   6.69847720e-02   7.05247303e-02   6.35734807e-02
    6.17479320e-02   6.20287211e-02   5.59469770e-02   4.82273112e-02
    5.03191941e-02   5.30221575e-02   5.27572511e-02   5.12117798e-02
    5.12349214e-02   5.21155181e-02   5.20631556e-02   5.01789654e-02]
 [  5.79288413e-02   3.62719771e-02   4.65187978e-02   6.07688372e-02
    5.95025395e-02   2.72804988e-01   3.19815620e-01   3.49166449e-01
    3.08533410e-01   3.39795073e-01   3.30883109e-01   2.83544319e-01
    5.53603941e-02   6.56477644e-02   7.60813211e-02   6.31661501e-02
    5.75478864e-02   5.07638925e-02   4.90510464e-02   5.68696626e-02
    6.34730106e-02   6.55423907e-02   7.04647160e-02   7.14208075e-02
    7.76035575e-02   7.45372215e-02   6.06096984e-02   5.53740091e-02
    5.84041678e-02   5.18660292e-02   5.60049544e-02   5.90407482e-02
    6.14802174e-02   6.52769263e-02   7.43883521e-02   6.78621729e-02
    5.65449223e-02   6.25893975e-02   5.56220143e-02   6.65155165e-02
    6.64385419e-02   6.11899060e-02   6.43783623e-02   6.40844447e-02
    6.32212651e-02   6.46710611e-02   7.17952380e-02   5.97973877e-02
    6.60989598e-02   6.93061799e-02   5.74654807e-02   5.96509021e-02
    7.49065161e-02   8.79460625e-02   7.36354124e-02   6.54451691e-02
    6.25195039e-02   6.78178369e-02   7.55550388e-02   9.20188767e-02
    8.29819315e-02   6.42200563e-02   5.27178497e-02   6.06582493e-02
    6.81338785e-02   7.39396136e-02   7.85914521e-02   9.18092928e-02]
 [ -4.84891916e-02  -6.49385961e-02  -5.96314513e-02  -4.82514687e-02
   -5.18181903e-02  -2.87761118e-01  -4.08232033e-01  -5.00698384e-01
   -4.30666663e-01  -1.89605958e-01   3.38802872e-02  -8.29810364e-02
   -1.99437643e-02  -7.98367871e-03  -1.56463822e-02  -3.18465722e-02
   -4.34350361e-02  -2.87051443e-02  -5.26166969e-02  -2.94174382e-02
    3.62647700e-03   7.42105775e-03   1.84794973e-02  -1.21638833e-02
   -4.78978163e-02  -4.75545660e-02  -3.45521813e-02  -4.02426291e-02
   -5.35649240e-02  -5.47132022e-02  -6.49596450e-02  -5.54100857e-02
   -4.68110426e-02  -3.96631742e-02  -2.74507922e-02  -2.93265041e-02
   -3.93136177e-02  -1.22704877e-02   2.57180571e-03  -3.12589080e-02
   -4.28873341e-02  -6.47842813e-02  -6.02895131e-02  -5.29625183e-02
   -4.55234502e-02  -2.21908653e-02   1.07387373e-02   3.15514005e-02
   -2.66487146e-02  -8.57402055e-02  -1.01128868e-01  -4.96220091e-02
   -2.63577031e-02  -9.13782889e-03  -2.26200881e-02  -6.35482721e-02
   -5.51972961e-02  -3.44685462e-02  -2.27157084e-02  -2.76310170e-02
   -1.39687659e-02  -6.07874802e-03  -3.17353643e-02  -1.31213906e-02
   -7.35808904e-04  -3.41788113e-02  -5.92975135e-02  -4.99480998e-02]
 [  2.82788033e-01   2.79568894e-01   2.75184367e-01   2.75504388e-01
    2.81917196e-01   1.29287828e+00   1.27011041e+00   1.20390355e+00
    1.14210045e+00   1.19248317e+00   1.24956590e+00   1.23949204e+00
   -7.64769886e+00  -7.62493002e+00  -7.61929374e+00  -7.62776140e+00
   -7.63356203e+00  -7.63689290e+00  -7.64348149e+00  -7.64825446e+00
   -7.65058959e+00  -7.64844013e+00  -7.65375834e+00  -7.65967155e+00
   -7.65809170e+00  -7.65477462e+00  -7.73558038e+00  -7.74045999e+00
   -7.74110853e+00  -7.74193253e+00  -7.74015069e+00  -7.72287406e+00
   -7.70786899e+00  -7.68832709e+00  -7.66732125e+00  -7.63036700e+00
   -7.62797141e+00  -7.63950449e+00  -7.65111259e+00  -7.65570544e+00
   -7.67951813e+00  -7.71084811e+00  -7.71995104e+00  -7.71891989e+00
   -7.71460199e+00  -7.69959885e+00  -7.69867316e+00  -7.81198304e+00
   -7.80479744e+00  -7.78724443e+00  -7.78219719e+00  -7.77002331e+00
   -7.75983974e+00  -7.76145877e+00  -7.69287767e+00  -7.68135446e+00
   -7.64057852e+00  -7.63395327e+00  -7.64398581e+00  -7.67885439e+00
   -7.69792610e+00  -7.70428299e+00  -7.71382846e+00  -7.71055394e+00
   -7.70262101e+00  -7.67585145e+00  -7.65222002e+00  -7.64529095e+00]
 [ -7.66700954e+00  -7.67625602e+00  -7.65036493e+00  -7.64341519e+00
   -7.64512491e+00   3.09591199e+00   2.50166261e+00   1.41308829e+00
    1.05922864e+00   8.74696418e-01   9.32630576e-01   1.09094455e+00
    3.84088056e-01   6.09273692e-01   5.79908615e-01   4.95152216e-01
    4.56244923e-01   4.33880035e-01   3.60655177e-01   2.98568380e-01
    3.00995408e-01   3.18566699e-01   2.74593602e-01   4.76167652e-02
   -7.21947615e-02   7.19030554e-02   1.40199444e-01   7.84777379e-02
    6.13168602e-02   6.45740403e-02   1.67260308e-01   4.57568678e-01
    6.62989198e-01   6.53243177e-01   6.41563978e-01   6.72476912e-01
    6.46907570e-01   4.21372159e-01   2.61685277e-01   2.46980825e-01
    3.55381301e-01   3.49342126e-01   2.06394757e-01   1.43715349e-01
    1.16606989e-01   1.77134522e-01   1.63270045e-01   6.42361742e-02
   -2.70525127e-02  -3.01536964e-02   5.10189760e-02   1.45124709e-01
    1.78267201e-01   1.51438917e-01   8.10298227e-02   8.65160248e-02
    1.76936382e-01   2.29390584e-01   2.33230161e-01   1.88053639e-01
    1.47458868e-01   1.75057215e-01   1.57334177e-01   1.18465091e-01
    1.20653139e-01   1.07719105e-01   5.26964019e-02   5.26199485e-02]]
15

mtWinRatio = 10 mtStepRatio =  5
[[ -6.96396467e+00  -6.97049338e+00  -6.96321952e+00 ...,   3.68809266e-01
    3.57774858e-01   4.98854520e-01]
 [  4.08862422e-03   3.96452926e-03   6.27895545e-03 ...,   5.82176848e-03
    7.26529169e-03   6.37327379e-03]
 [  9.37727541e-04   1.06670768e-03   1.25446279e-03 ...,  -6.90282550e+00
   -6.92235813e+00  -6.91391943e+00]
 ..., 
 [  5.30782571e-02   5.10085128e-02   4.94530820e-02 ...,   9.07167918e-01
    7.47873578e-01   7.24623643e-01]
 [  9.37727541e-04   1.06670768e-03   1.25446279e-03 ...,  -6.90282550e+00
   -6.92235813e+00  -6.91391943e+00]
 [  1.00884392e-04   2.32067435e-04   1.55712890e-04 ...,   8.48046615e-01
    9.76235958e-01   9.95231361e-01]]
16

mtWinRatio = 10 mtStepRatio =  5
[[ -6.13160619e+00  -6.14648172e+00  -6.15444263e+00 ...,  -6.13697616e+00
   -6.11787897e+00  -6.14190424e+00]
 [  4.84713734e-02   4.94039269e-02   4.88804551e-02 ...,   8.09379604e-01
    8.17639790e-01   8.28042904e-01]
 [ -1.72639482e-04   1.61858699e-03   7.84719889e-04 ...,   4.23930197e-03
    4.52931848e-03   4.08947785e-03]
 ..., 
 [  5.11176406e-02   4.85243696e-02   4.90930412e-02 ...,   5.29089765e-02
    5.25604797e-02   5.40159499e-02]
 [ -1.72639482e-04   1.61858699e-03   7.84719889e-04 ...,   4.23930197e-03
    4.52931848e-03   4.08947785e-03]
 [ -6.15561565e+00  -6.13608602e+00  -6.12657125e+00 ...,   4.48964585e-02
    8.74398918e-02   9.11988786e-02]]
5

17

mtWinRatio = 10 mtStepRatio =  5
18

mtWinRatio = 10 mtStepRatio =  5
[[  1.54062543e+00   1.47819856e+00   1.43611712e+00   1.43006095e+00
   -7.58532565e+00  -7.58414796e+00  -7.58173556e+00  -7.58288150e+00
   -7.58273634e+00  -7.57972069e+00  -7.57288193e+00  -7.57952538e+00
   -7.56787583e+00  -7.56677124e+00  -7.57680051e+00  -7.58261554e+00
   -7.58946677e+00  -7.59637920e+00  -7.58338929e+00  -7.57849737e+00
   -7.66085191e+00  -7.66492754e+00  -7.67162086e+00  -7.67336659e+00
   -7.66742506e+00  -7.66835239e+00  -7.67206691e+00  -7.61529492e+00
   -7.53299282e+00  -7.58513267e+00  -7.58778699e+00  -7.59453657e+00
   -7.62185888e+00  -7.64580658e+00  -7.64700784e+00  -7.64789678e+00
   -7.63445954e+00  -7.61242862e+00  -7.62205274e+00  -7.63570238e+00
   -7.60873484e+00  -7.59797457e+00  -7.61545351e+00  -7.62330033e+00
   -7.72320773e+00  -7.74110165e+00  -7.74034010e+00  -7.73096071e+00
   -7.71763518e+00  -7.71713423e+00  -7.72105480e+00  -7.72580612e+00
   -7.61432436e+00  -7.59016015e+00  -7.57986353e+00  -7.57627787e+00
   -7.57539337e+00  -7.58146809e+00  -7.58245212e+00  -7.58131870e+00
   -7.57974716e+00  -7.57841678e+00  -7.57955607e+00  -7.58165285e+00
   -2.81433175e-01  -2.76873735e-01  -1.22208892e-01   2.27565933e-01]
 [  3.48159400e-01   3.20643938e-01   3.42842556e-01   3.46549983e-01
    6.65094950e-02   6.36673410e-02   6.33410032e-02   6.34809499e-02
    6.65325477e-02   7.26945885e-02   7.45423216e-02   7.08827776e-02
    6.60974265e-02   6.46078630e-02   6.32525766e-02   6.00921055e-02
    6.06435271e-02   6.30305308e-02   6.39674084e-02   6.41720265e-02
    6.23773725e-02   6.13440566e-02   6.37671101e-02   6.55503445e-02
    6.57001050e-02   6.43163959e-02   6.34110029e-02   5.92339151e-02
    5.21885866e-01   5.69917398e-01   5.68061914e-01   5.25329689e-01
    3.98380995e-01   3.02808481e-01   2.93836918e-01   2.98558751e-01
    3.63392695e-01   4.47442067e-01   3.91180685e-01   3.34078067e-01
    4.43652497e-01   5.09262295e-01   4.25812042e-01   3.99336223e-01
    3.89549690e-01   3.11954541e-01   3.04718421e-01   3.55397587e-01
    4.24763467e-01   4.36189930e-01   4.16118663e-01   3.50752938e-01
    9.55996391e-01   1.08655682e+00   1.12029813e+00   1.13600013e+00
    1.13311780e+00   1.12710543e+00   1.11860664e+00   1.11514843e+00
    1.12072885e+00   1.12176150e+00   1.12242659e+00   1.12026964e+00
    5.44662203e+00   5.39444096e+00   5.36761399e+00   5.46798833e+00]
 [  4.86555693e-01   2.99219052e-01  -2.86457708e-01  -8.59676055e-01
   -1.77094365e-01  -2.01511610e-01  -3.17873576e-01  -3.00496884e-01
   -3.04576811e-01  -3.77932960e-01  -3.30976892e-01  -1.56318949e-01
    1.34688049e-03   5.52734801e-02  -5.17728216e-03  -4.25822482e-02
    3.30182794e-03   5.96223292e-03   1.84874894e-02   2.21414966e-02
    6.56954315e-03   6.76586508e-02   4.18401585e-02   8.58010201e-03
    4.26718718e-03  -5.25449106e-02  -4.88315619e-03   4.22602510e-02
    2.29397718e-02   2.42402488e-02  -9.22130638e-03  -1.21055073e-02
    5.24186341e-03  -1.57649610e-02   3.88433550e-02   9.97670335e-03
   -4.31915011e-02  -1.03226216e-03  -1.92441689e-04   3.09407283e-02
   -5.72357544e-03  -4.42040815e-02   5.01098016e-03  -1.24292625e-02
    1.52536052e-02   5.15720910e-02   2.21176881e-03  -2.14676899e-02
    1.40831680e-02   1.68217036e-02   2.56604760e-02   5.65035699e-02
    1.05539248e-03  -8.18920746e-02  -2.13982512e-02   6.14561983e-02
    1.15232237e-02  -6.31734738e-02  -1.16241567e-01  -7.08828399e-02
    5.14346657e-02   6.34482241e-05  -6.29518680e-02  -8.81629670e-02
   -4.11647488e-01  -5.24557717e-01  -3.76687139e-01   1.29316430e-01]
 [  1.14413241e+00   1.38864269e+00   7.54583967e-01  -4.36042758e-02
    1.70362117e-02   1.03180747e-01   8.44114384e-02   1.92735308e-01
    5.97919618e-02  -9.06889006e-02   2.59645283e-01   4.08457389e-01
    2.62242578e-01   2.01488520e-01   4.80831589e-02   5.59567284e-04
    8.69720154e-02   6.24788397e-02   1.32811639e-01   1.93150639e-01
    1.53050558e-01   1.00530715e-01   2.57165062e-03  -7.63614610e-02
   -8.23264822e-02  -7.94701674e-02  -8.24910351e-02  -6.84829589e-02
   -8.43987890e-02  -4.96878573e-02  -1.09970928e-02   4.63204571e-04
   -1.80001511e-02  -1.20975312e-01  -9.81319848e-02  -3.52231007e-02
   -1.50259878e-02   3.04963913e-02  -4.59559168e-02  -9.46923979e-02
   -6.18910796e-02  -3.73715829e-02  -2.37487400e-02  -5.71748434e-02
   -6.58391278e-02  -3.89198114e-02   1.91391498e-03   3.84385607e-02
   -2.78427988e-02  -8.84805539e-02  -5.58222522e-02  -4.25477060e-02
   -2.88914429e-02  -2.00380816e-02  -5.08097689e-02  -6.44960658e-02
    4.72839658e-02   3.40041545e-02  -2.46729547e-03  -7.39531342e-02
   -1.56605092e-01  -2.12417933e-01  -2.43947799e-01  -2.12797758e-01
   -8.92611710e-01  -1.13937707e+00  -1.27342710e+00  -5.13129512e-01]
 [ -2.03090426e-01  -3.02069299e-01  -2.79204940e-01  -1.70591415e-01
   -9.88783936e-03  -3.15505640e-02  -2.65267953e-02  -2.18707315e-03
   -4.32999628e-03  -1.24085443e-02  -8.00085445e-03  -9.05432180e-03
   -1.55636826e-02  -8.71691761e-03   1.48500973e-02   1.33489884e-02
    8.39121013e-03   2.54651971e-02   3.93032298e-02   4.58489532e-02
    1.97024359e-02   1.24540510e-02   1.53193434e-02   1.74512746e-02
    1.99904034e-02   1.81934508e-02   6.47342170e-03  -1.17193847e-02
   -5.25707410e-03  -1.47070303e-02  -3.53619803e-02  -3.17272686e-03
    4.46939548e-03  -7.33905928e-03  -6.81048126e-03  -1.88033887e-02
   -1.70637873e-02  -5.07998831e-03  -1.93507930e-04   1.86559353e-03
    1.07401062e-02   4.25525573e-03   3.80241470e-03  -1.55623963e-03
   -1.38245267e-02  -2.37278011e-02  -1.26619470e-02  -1.93907265e-02
   -1.88862974e-02  -1.21406001e-02  -2.17595539e-02  -1.46403264e-02
    2.19595854e-02   3.42197166e-02  -7.20025449e-04  -2.30792300e-02
   -2.14555427e-02  -4.22204921e-02  -2.01427845e-02   3.26185251e-02
    2.98463875e-02   3.10204042e-02   9.51495666e-03   1.08966114e-02
    2.12723828e-01   1.31536404e-02  -1.89886984e-01  -1.52712407e-01]
 [  5.45347325e+00   5.38588795e+00   5.42560475e+00   5.42380546e+00
    1.12604185e+00   1.12810208e+00   1.13034097e+00   1.12129546e+00
    1.12360532e+00   1.13797232e+00   1.11864804e+00   1.10090374e+00
    1.12897361e+00   1.14643930e+00   1.12828655e+00   1.12526584e+00
    1.11167814e+00   1.09960147e+00   1.11699245e+00   1.12662470e+00
    5.70491901e-01   5.63167275e-01   5.75585926e-01   5.82518526e-01
    5.82798749e-01   5.77175972e-01   5.74721952e-01   5.36991857e-01
    5.36872504e-01   5.82805057e-01   5.81833541e-01   5.78335131e-01
    5.78481221e-01   5.79650292e-01   5.79197790e-01   5.80580454e-01
    5.81500363e-01   5.81068322e-01   5.81898960e-01   5.82368534e-01
    5.80581888e-01   5.77334010e-01   5.79944692e-01   6.00321490e-01
    1.05761084e-01   8.72316390e-02   8.56074549e-02   7.89517510e-02
    6.52661869e-02   5.81659451e-02   5.99493222e-02   6.45297520e-02
    6.75234432e-02   6.85398669e-02   6.55269696e-02   6.22596125e-02
    7.64979037e-02   8.53569132e-02   6.81346521e-02   6.02828184e-02
    6.04143231e-02   5.63189419e-02   6.06718685e-02   6.49150053e-02
    3.26252834e-01   3.35784939e-01   3.22819345e-01   2.94224455e-01]
 [  4.78629405e-02   2.21437491e-02   2.29814927e-02   2.57760078e-02
    7.28584043e-03   1.01597206e-02   1.17478423e-02   9.27962139e-03
    5.01408395e-03   1.58309644e-03   6.39965060e-03   1.09120383e-02
    9.51461974e-03   5.46542916e-03   7.52743064e-03   6.72349086e-03
    6.27566143e-03   3.27656513e-03   7.26546839e-03   1.06236116e-02
    1.12684008e-02   8.87418403e-03   7.52900780e-03   1.00507240e-02
    1.04832477e-02   5.14225540e-03   4.76066330e-03   8.86625050e-03
    1.01010417e-02   3.91678805e-03   2.48587517e-03   1.13722287e-02
    1.88381349e-02   1.12880351e-02   5.80460286e-03   3.10613273e-03
    6.16863609e-03   3.23824254e-03   5.33622081e-03   2.82265906e-03
    6.67434439e-03   5.60747142e-03   7.52713568e-03   6.82099650e-03
    1.01837684e-02   6.60935060e-03   4.61382189e-03   7.41942235e-03
    7.18178583e-03   5.21207463e-03   6.22041851e-03   1.30567312e-02
    1.16184279e-02   3.65166675e-03   4.08119188e-03   2.80098610e-03
    5.93049832e-03   5.35485079e-03   4.52888904e-03   5.48297028e-03
    6.46436958e-03   6.64566485e-03   4.74595866e-03   3.61516718e-03
    3.10012907e-02   2.64075296e-02   3.83318297e-02   4.58054909e-02]
 [  3.77375816e-01   3.66541203e-01   3.47435255e-01   3.89543286e-01
    8.62954188e-02   7.67072359e-02   6.96245855e-02   6.89065480e-02
    8.23511368e-02   7.90377210e-02   8.93528048e-02   7.86162047e-02
    1.11711595e-01   1.02451474e-01   1.00124216e-01   9.08353321e-02
    8.14283572e-02   7.43468846e-02   8.70752106e-02   7.96847775e-02
    1.06367976e-01   1.06238226e-01   9.28100292e-02   7.71393942e-02
    9.70860034e-02   1.05422604e-01   1.03061187e-01   1.50992665e-01
    1.57547052e-01   8.21371724e-02   8.04978904e-02   8.99206196e-02
    8.88215419e-02   8.75935084e-02   9.48205233e-02   9.22127865e-02
    8.82685330e-02   9.80656045e-02   1.03092820e-01   9.78121029e-02
    1.04046890e-01   8.94764596e-02   9.67776504e-02   9.46909802e-02
    9.04916506e-02   9.00358615e-02   9.61493003e-02   8.89556430e-02
    9.07392486e-02   8.80657396e-02   9.06160756e-02   8.85772565e-02
    9.43458559e-02   9.53855555e-02   9.92250991e-02   8.80266160e-02
    9.70560349e-02   8.62416598e-02   9.80835503e-02   9.73058431e-02
    9.18792203e-02   8.88697897e-02   9.14528639e-02   8.85643172e-02
    4.44504081e-01   4.12630924e-01   4.09265953e-01   4.65707212e-01]]
19

mtWinRatio = 10 mtStepRatio =  5
[[  3.87286463e-03   1.12356748e-03   2.11909045e-03 ...,   1.44602467e-02
    1.13410239e-02   1.05230276e-02]
 [ -3.84697961e+00  -3.83922291e+00  -3.79594169e+00 ...,  -3.97361642e+00
   -3.94885986e+00  -3.97219112e+00]
 [  1.05337676e+00   1.12318922e+00   1.14426451e+00 ...,   6.74274347e-02
    7.06529897e-02   6.96521123e-02]
 ..., 
 [  3.87286463e-03   1.12356748e-03   2.11909045e-03 ...,   1.44602467e-02
    1.13410239e-02   1.05230276e-02]
 [  6.57446504e-02   7.18544849e-02   7.56238690e-02 ...,   9.11642275e-01
    9.44362904e-01   9.83714797e-01]
 [  8.46224459e-02   8.86734706e-02   8.01387293e-02 ...,   6.83857702e-02
    6.32975372e-02   6.74269357e-02]]
20

mtWinRatio = 10 mtStepRatio =  5
[[ 0.2836965   1.58858676  1.67045672 ..., -7.16339134 -7.16715715
  -7.16217998]
 [ 0.2836965   1.58858676  1.67045672 ..., -7.16339134 -7.16715715
  -7.16217998]
 [ 0.90852607  4.84823025  4.77267999 ...,  0.07784643  0.08001627
   0.08188241]
 ..., 
 [ 0.02468681  0.64338835  0.08746836 ..., -0.13719346 -0.17753075
  -0.11264262]
 [ 0.02420315 -0.11176101 -0.41798091 ...,  0.01177094 -0.04418635
  -0.02919509]
 [-0.41437092  0.3646607   0.40939458 ...,  0.09427491  0.09940037
   0.10720786]]
