1

1

[[  0.          35.30478894   5.77247908  18.54705195  34.77911872
    5.17336327   2.78958082   3.57822802]
 [ 35.30478894   0.          34.30315074  40.12936924  48.82653397
   34.97684771  34.99313352  34.69385988]
 [  5.77247908  34.30315074   0.          16.19791926  34.52798331
    4.40699272   4.31593167   2.87973522]
 [ 18.54705195  40.12936924  16.19791926   0.          37.05256045
   18.19274512  18.53797751  17.73543377]
 [ 34.77911872  48.82653397  34.52798331  37.05256045   0.          37.41778363
   34.66873727  34.47517189]
 [  5.17336327  34.97684771   4.40699272  18.19274512  37.41778363   0.
    3.95945809   3.62226343]
 [  2.78958082  34.99313352   4.31593167  18.53797751  34.66873727
    3.95945809   0.           1.64152878]
 [  3.57822802  34.69385988   2.87973522  17.73543377  34.47517189
    3.62226343   1.64152878   0.        ]]
2

[[  5.55416628  15.22207685  24.24896749  51.46877001   3.79163847
    3.85193698  11.59102248   3.46879998]
 [ 37.99132993  36.63695281  42.07295129  46.08652732  34.78111673
   34.91733544  36.24269394  34.76047066]
 [  4.49148814  13.37873411  23.44576244  54.06794829   4.07150284
    2.97894749  10.83360764   3.1113811 ]
 [ 16.35054804  19.34794198  29.22525785  66.2799529   18.22325828
   17.66417438  20.27064168  17.90988113]
 [ 35.76756327  45.94044722  55.81122008  61.78105078  33.10531234
   35.51675557  40.28321028  34.53837752]
 [  4.34769041  11.35654684  20.31000052  52.03373528   5.44894112
    2.45932003   9.55876559   3.57864661]
 [  4.50619278  14.61002353  23.87231804  51.55571671   2.33499685
    2.10228136  10.94041657   1.46770021]
 [  4.12114926  14.13439526  23.7488113   52.32067452   2.03192614
    1.27867585  10.71277698   0.25904642]]
3

[[  4.0934083    8.08768488   3.51315982  45.84995033  18.2019989
    6.57595743   4.5605376    9.46178653]
 [ 34.24265995  33.62123057  34.87236884  55.46123927  48.23383485
   36.41455307  34.94512515  40.79036135]
 [  3.74598026   8.35322681   3.07455063  48.35812167  16.87940576
    5.49841959   4.48668286   9.05615427]
 [ 18.1520896   19.88588381  17.85351838  59.39131397  19.01826171
   17.76682055  18.30038346  18.20002001]
 [ 35.20901785  32.11140976  34.66771677  57.262704    39.26101754
   38.17564888  33.60554205  35.44484996]
 [  3.6283455    9.93782037   3.41139137  46.24085871  17.58450524
    3.09078192   5.55221791   9.09674783]
 [  2.66239483   7.47238003   1.54811159  45.97134912  17.83735893
    5.65485427   3.14919095   8.86291837]
 [  2.19445863   7.37644019   0.47986923  46.72217704  17.43732481
    5.2968492    2.86989856   8.69964004]]
4

[[  3.35870127   3.42409971  34.19373419   3.46635155   3.69462909
    3.50714176   3.33983505   6.9556365 ]
 [ 35.07014301  34.75994311  37.92064043  34.72548933  34.94968473
   34.93741184  34.72106771  36.77743023]
 [  3.32984395   3.1997723   36.76393949   3.11797111   2.76651844
    3.03477276   3.74599143   3.90939518]
 [ 17.93551776  17.92617959  48.80224716  17.9192872   17.54185929
   17.68703671  18.39792359  15.77072017]
 [ 34.33976335  34.34178664  35.98901288  34.49468008  34.87807786
   34.48213366  34.01754594  37.41357055]
 [  3.76157292   3.74288946  36.69403037   3.63721527   3.2846841
    3.64089344   4.13959133   4.12205309]
 [  1.37994474   1.49072344  34.28030756   1.46764437   1.83377302
    1.56630116   1.28697272   5.76971552]
 [  0.67057694   0.51175114  34.93776717   0.25202961   0.5507032
    0.39197064   1.03855607   4.83028601]]
2

5

[[  3.70834543  67.4648867    3.55597455   7.92217433  25.94174082
    3.60571187   3.47211947  26.86681938]
 [ 35.0599331   63.02055329  34.95985762  37.15412778  25.53191305
   34.97922353  34.75118275  45.60202891]
 [  2.74261749  70.22080584   3.13066205   4.80660283  26.08849685
    2.93883985   3.1035164   26.73569959]
 [ 17.47427324  81.31264657  17.77118952  14.73500889  33.9345514
   17.57961088  17.90400414  30.23372997]
 [ 34.80703945  60.89290771  34.91858353  38.00584971  43.47433486
   34.52334319  34.51415401  27.90279139]
 [  3.38228696  69.9894252    3.39490642   5.44114802  26.20183659
    3.43646501   3.62053781  29.53264856]
 [  1.86333918  67.64823981   1.68567375   7.01533855  25.78739229
    1.73120483   1.47087012  26.68657881]
 [  0.58815409  68.38786213   0.79725636   6.0880935   25.77703272
    0.70146218   0.23926023  26.5025293 ]]
6

[[ 69.4204514    3.47296616  20.79702588   6.59802184   3.84385782
   35.64661303   3.69001812   3.53051853]
 [ 68.76206893  34.75011688  41.37572257  35.47670365  35.75395976
    9.52386189  34.84398627  34.64447371]
 [ 72.33455107   3.10118062  20.2991338    3.68697626   2.93266982
   35.92318997   2.71505074   3.28852691]
 [ 83.55527684  17.89639442  25.1104548   15.92338553  16.92849658
   43.50310743  17.44219817  18.21426851]
 [ 61.23469992  34.49843129  33.03042244  37.74885997  34.58778502
   50.30458692  34.85690509  34.65826588]
 [ 72.12585705   3.628465    22.30771552   3.80046482   3.78362531
   35.80983636   3.3667034    3.49637963]
 [ 69.63616226   1.47604821  20.36502043   5.53800887   2.27736402
   35.51451139   1.86183718   1.42668841]
 [ 70.41794007   0.23325935  20.13214356   4.57425972   1.39713115
   35.56545766   0.5506292    0.59101083]]
7

[[  8.05494604   3.51999804   3.46759785   5.81566152   3.62842102
    4.26213398   3.30823188  60.30284021]
 [ 38.81366565  34.85181385  34.72146559  34.47769356  35.00393487
   35.62257942  34.78663798  58.71776387]
 [  5.59143155   3.0194033    3.13089863   3.65168095   2.84690211
    2.61591108   3.29600625  63.05605799]
 [ 14.61376709  17.80771338  17.93627024  17.45350948  17.58630451
   16.86261356  17.91962564  73.98774506]
 [ 37.52276473  34.56085836  34.48571438  37.68730388  34.76557482
   35.41496278  34.83787003  52.70131052]
 [  6.05583468   3.56865028   3.6499274    2.28206127   3.39136571
    3.29055543   3.30649948  63.05582347]
 [  7.22703187   1.53455298   1.46176017   4.53828174   1.74275034
    2.79593612   1.36460535  60.48226253]
 [  6.47689391   0.23447549   0.26630982   3.74823866   0.46269323
    1.75099564   0.71328299  61.21006034]]
8

[[  3.46124258   3.63116732  57.58019138   3.51716818   4.43809944
    8.32355464   4.06831534   7.58859155]
 [ 34.72949136  35.03710974  56.99622954  34.83668682  36.11846141
   38.25840633  34.71484502  38.57613032]
 [  3.13897907   2.8378352   60.38337402   3.01469102   3.0886883
    5.66431096   2.85010278   4.95256539]
 [ 17.94149972  17.56494691  71.49820778  17.8095689   16.95416392
   14.7161014   17.53292315  14.51606261]
 [ 34.4899017   34.76273009  50.71948834  34.60628679  35.87378679
   38.31734219  35.61156603  36.24091902]
 [  3.64352681   3.3916393   60.32002395   3.53443926   3.02658687
    5.83934152   3.1031794    6.23041873]
 [  1.45461953   1.75395487  57.77075302   1.56167706   2.99444428
    7.51475679   2.42288127   6.70145021]
 [  0.27389783   0.49649719  58.51354671   0.24569775   2.26522247
    6.72029513   1.42391059   5.87055023]]
3

9

[[  3.46203027  45.55260237   3.5799037    4.08365014   4.36131598
    3.63154542   6.52414809  59.79590327]
 [ 34.7351968   62.8010102   34.93325033  34.46381397  35.78604049
   35.02022589  37.64505595  49.18474459]
 [  3.12834648  48.02750133   3.29576289   2.92768084   2.69258673
    2.83599646   4.44298212  62.10494287]
 [ 17.93460316  52.85390163  17.86993607  17.15865182  16.73286528
   17.5626809   15.47548158  74.34826757]
 [ 34.53587124  28.92045237  34.11666244  34.90936126  35.46190657
   34.79767533  36.86675216  67.10850608]
 [  3.59262053  49.33993768   4.12451248   3.75868836   3.12937199
    3.32909523   4.46233243  60.55990251]
 [  1.45395598  45.83164459   1.75001355   2.47057073   2.92501572
    1.75155933   5.5386945   59.85452982]
 [  0.27027058  46.52524616   0.99492077   1.7324308    1.96648279
    0.51529448   4.8945758   60.49308347]]
10

[[  3.4472402    5.11435847   3.58563169   3.4638088    8.70942257
   14.78285612   3.77440197  66.88039701]
 [ 34.57370131  35.32132611  34.88084622  34.73884472  38.36676954
   31.94526857  35.08200638  61.81612817]
 [  3.4201565    4.02260975   2.89691549   3.12627111   6.2669749
   14.81064814   2.65933823  69.56831785]
 [ 18.28310533  17.64825878  17.66737459  17.92139482  14.41510026
   24.06594957  17.35067609  80.43795016]
 [ 34.39610263  37.68509666  34.69807823  34.49345021  36.17192295
   37.74887302  34.93079407  59.71383834]
 [  3.73013236   1.99374859   3.45809921   3.64255159   7.90327964
   15.18252387   3.31414484  69.47816743]
 [  1.38221558   3.88770025   1.66723307   1.45714579   7.88911864
   14.49681237   1.97158661  67.06735539]
 [  0.69242641   3.46623837   0.31690933   0.2591213    7.10222792
   14.43278088   0.77165781  67.77900489]]
11

[[ 56.11992594   3.44859718   4.13948769   3.60342174   3.63770973
    3.48834476   5.40929785   7.54511371]
 [ 52.39519557  34.70416002  35.21679988  35.06776635  34.97789877
   34.79767006  33.37118916  37.14390837]
 [ 58.90175038   3.16911017   2.60356175   2.8683362    2.83958295
    3.05878327   7.29966594   4.85103416]
 [ 70.41674926  17.97795365  17.09489489  17.52814125  17.58078555
   17.86161531  21.31746053  15.24900701]
 [ 53.30002064  34.47938861  35.53247139  34.46374288  34.83393774
   34.62703651  31.91440686  38.29017954]
 [ 58.59317141   3.66353656   2.72808914   3.69105621   3.33763919
    3.50302352   7.68153821   4.89196778]
 [ 56.27970284   1.42945469   2.55206366   1.73729278   1.7499703
    1.51170672   4.67490328   6.60889788]
 [ 57.03294025   0.30907794   1.52979203   0.4992873    0.49873588
    0.25869807   5.16015369   5.79909262]]
12

[[  3.46151997   7.20976606   3.64445046  58.80166132   4.23934455
    8.01981868   3.47083263   3.50458448]
 [ 35.05728764  34.24229256  34.96672451  54.1718856   35.47620899
   38.08076296  34.7276928   34.75538578]
 [  3.14779321   4.32180638   2.81774257  61.52915469   2.55302259
    5.27167189   3.12221799   3.01420794]
 [ 17.80137632  15.83534167  17.56873544  72.87642714  16.88889607
   14.59759439  17.93231827  17.82100353]
 [ 34.3528166   38.22227829  34.84820945  55.06770521  35.37879085
   37.92471731  34.48998367  34.65270174]
 [  3.76750947   4.36209941   3.31783417  61.22418538   3.01819735
    5.61382129   3.64822104   3.50860036]
 [  1.54348378   6.21560386   1.76853502  58.96072952   2.6745747
    7.15886604   1.46324667   1.52156415]
 [  0.50705099   5.34021324   0.5119342   59.69553788   1.63148164
    6.31969551   0.25906049   0.24879566]]
4

13

[[  3.463749    56.91851426   3.32779633   3.53802718  16.11546024
    3.77079019  18.42644189   5.61044352]
 [ 34.73506713  51.1504463   34.62007414  34.64750591  37.61599143
   34.96759548  39.48274049  38.10332662]
 [  3.12526522  59.56915823   3.39637147   3.51267215  14.69467443
    2.89645863  18.25412001   4.59866434]
 [ 17.92749835  71.3908038   18.14056241  18.15191558  21.4065548
   17.61200009  24.2647628   16.2524537 ]
 [ 34.51514592  61.82446154  34.2928445   34.07042736  46.52899211
   35.14347228  34.46542887  35.14839534]
 [  3.60989738  58.20826913   3.90826558   4.28791364  12.72729883
    2.9844064   19.52571581   4.98526407]
 [  1.45653802  57.07852136   1.35608573   1.67249041  15.57956039
    1.96509767  18.01824654   4.66724922]
 [  0.26497818  57.83304378   0.67077936   1.09830521  15.25510357
    0.99063941  17.89796348   4.20028838]]
14

[[  4.0828412   45.23962346  19.30972394   3.47089905   3.65498331
    3.56164343   4.08479293  20.74149836]
 [ 33.53047516  64.6286366   51.00014939  34.7806732   34.63602057
   33.93097042  35.86919501  33.72413346]
 [  3.95208236  48.10188282  18.62931875   3.12118606   3.58288128
    3.51871126   3.0202333   20.59637279]
 [ 18.39738157  57.18070115  20.37464609  17.91877775  18.21880942
   18.29334304  17.29774329  27.6655472 ]
 [ 34.29475208  36.94724359  39.16790112  34.50975163  34.33781673
   34.36422437  35.23373281  40.4800823 ]
 [  4.4185781   48.35022948  19.22018455   3.62464105   4.07923774
    3.95445011   3.34717853  20.97635717]
 [  2.65346857  45.48286103  19.13524427   1.46508886   1.90826238
    1.74020768   2.51549883  20.54449336]
 [  2.21151161  46.21416583  18.87797682   0.27236886   1.45997104
    1.19056539   1.71987045  20.43625184]]
15

[[  3.53409025   3.97833043  15.7083849   26.71805547  50.59159565
    9.20995763   3.46892926   4.76170131]
 [ 34.42108624  35.80472104  46.94159311  30.27639153  67.70800791
   36.24748289  34.74658436  33.43327491]
 [  3.33910513   3.21884268  14.92269269  26.75986021  53.49877379
    6.14777481   3.11771732   4.2652845 ]
 [ 18.13254058  17.49094873  19.85485251  33.69917935  63.68142295
   15.88007622  17.91966392  18.40886805]
 [ 34.6781338   34.7388761   37.83461598  44.31091978  41.5648923
   39.60575028  34.50159148  35.22527227]
 [  3.53702063   3.81293483  15.48246938  26.90566375  53.58435302
    6.10094373   3.63563459   4.26152324]
 [  1.6494499    2.39486343  15.3959759   26.5868698   50.78370795
    8.39032338   1.47247144   3.5522002 ]
 [  1.02252678   1.67878552  15.10477501  26.54851691  51.55326661
    7.42468492   0.25666247   3.13563144]]
16

[[  3.54381464   7.40829359   7.76018529  13.00936652  67.56563704
    3.45732423  13.13410279   3.65750339]
 [ 35.2767235   35.62080264  37.72372349  32.98282291  62.5659943
   34.6971276   38.03436541  34.9766183 ]
 [  3.15363169   6.19637076   4.70614252  12.69742432  70.26606013
    3.15514972  12.99687618   2.80519308]
 [ 17.79164426  18.1343567   13.7438633   22.02784401  81.15574712
   17.98000433  21.10688444  17.55923272]
 [ 34.48383879  40.37799257  36.4702739   37.6547656   60.4829534
   34.48632664  32.74560546  34.80262878]
 [  3.69402733   4.06843934   6.35001145  13.14990918  70.1403902
    3.64409664  14.47076554   3.38954389]
 [  1.62631184   6.49166271   6.89510398  12.63212222  67.75673864
    1.45215202  12.57587191   1.7841551 ]
 [  0.71210502   6.14700262   5.97671038  12.48021586  68.47320366
    0.30462736  12.47779199   0.49648779]]
5

17

[[  3.49044194  12.7808585    3.9019555    4.39865298   3.57681237
   12.3201632    3.47163397  58.35429675]
 [ 34.93006045  36.43994271  35.30973375  33.86522266  34.58759759
   42.86306826  34.74741167  56.83667732]
 [  3.06073223  11.46488883   2.83714912   4.3624357    3.38244436
   11.64258226   3.10967806  61.06905507]
 [ 17.63927626  19.36580516  17.40209622  18.61027671  18.04889973
   18.11604135  17.92310666  72.13488922]
 [ 34.38676547  43.34107147  35.04846806  35.72894138  34.07585898
   36.54915295  34.52980919  55.65358983]
 [  3.77222213   9.68348377   3.13229467   3.81290413   4.27330536
   11.72622327   3.6035141   60.51856728]
 [  1.55854733  12.38566267   2.21586144   3.18774528   1.67767594
   11.90790909   1.47461367  58.57217458]
 [  0.51959794  12.00913164   1.24800876   2.96759983   0.95690373
   11.64340962   0.26091142  59.29663569]]
18

[[  3.48045703   4.11041685   3.47130787   3.88819907  19.84151547
   51.585621     3.83445724   6.93512465]
 [ 34.65256095  34.99510262  34.77879532  34.25740817  39.23481265
   46.18541956  34.72411151  39.72184019]
 [  3.27274517   3.15870949   3.10653276   3.57675745  18.61036438
   54.16499137   3.68151318   6.03116782]
 [ 17.93376761  17.66242899  17.90017059  18.16236628  24.37688913
   66.35689587  18.07882195  15.62885267]
 [ 34.32171102  35.8025906   34.55525474  35.19333743  51.39600117
   62.31414858  33.75517166  35.25255942]
 [  3.90513944   2.31972771   3.55681037   3.31084272  15.74254825
   52.0736075    4.76267519   6.53835445]
 [  1.52540503   2.47249392   1.4670001    2.35582539  19.37593626
   51.66705481   2.34319724   6.15118525]
 [  0.6512047    1.77936106   0.26784459   1.87013795  19.11675168
   52.42882292   1.87399843   5.89345859]]
19

[[ 43.31872022   4.76788425  44.87963054   3.5160232   14.3959972
    3.75903599   3.45763901   3.58540697]
 [ 60.28788833  37.11666632  27.24438951  34.71468124  36.73365016
   34.95997358  34.76829625  34.840029  ]
 [ 46.06022549   3.89643865  45.45773118   2.97274183  11.84616956
    2.65705739   3.12938424   3.63941351]
 [ 50.82336279  17.08474672  56.72575562  17.74170877  13.76520144
   17.17298488  17.91635104  18.48345716]
 [ 27.80677171  34.82302308  58.70981912  34.60337753  40.5771448
   34.75424963  34.47286039  34.60173071]
 [ 47.00476022   4.39585036  44.89997286   3.52546912  12.73596234
    3.49428067   3.66407022   3.80253235]
 [ 43.81001259   3.61812621  44.79384388   1.67285444  14.32329901
    2.25183454   1.45813717   1.4525931 ]
 [ 44.47601844   3.03437863  44.78877492   0.31232597  13.30716347
    0.99229582   0.26570201   1.23530561]]
20

[[ 18.44855089   3.53737736   3.84113228   3.4880919   10.30650823
    3.65765434   6.23487794  45.76668933]
 [ 48.45904785  34.76598607  34.00005294  34.86358905  41.23352662
   34.71196307  36.33442778  55.31425852]
 [ 17.13498243   3.12772273   3.82957538   3.11146004   9.91995409
    2.80877929   5.18866632  48.27728489]
 [ 19.29666431  17.93014098  18.27710505  17.8678576   18.57451922
   17.57054916  17.71698992  59.32847792]
 [ 39.27367962  34.88993985  34.02536137  34.48454168  35.67142987
   34.60492243  37.90126751  57.07502797]
 [ 17.84882507   3.19127787   4.6933687    3.64168007   9.9278934
    3.62306128   2.82828778  46.12051292]
 [ 18.07385922   1.65001003   2.29936252   1.51176501   9.75131115
    1.84198084   5.29193894  45.86831324]
 [ 17.67997902   0.78219562   1.89416124   0.36014373   9.60112913
    0.59239959   4.92982095  46.62464166]]
